Las Vegas Precinct

Robert Peccole	#1	28

2	40

3	      34

        4		27

	5 	20

6	44

7	30

8	42

9	      59

10	27

 11	41

12 	        55

13	  30 

14	36

      15	37 

     16	26

17	27

18	26

19		25

20	18

21	46

22	21

23	     59

24	22

25	29

26	29

27	20

28	19

29	34

30	52

31	43

32	65

33	16

34	27

35	40

36	19

37	22

38	20

39	9

TOTAL	1264

Las Vegas Precinct

Reed Whipple	#1	45

2	65

3	63	

4	92

5	 77

6	109

7	114

8	74

     9		          71

10	96

11	81

12	163

13	96

14	95

15	106

16	80

17	128

18	131

19	80

20	88 

                                                           21	132

22	66

23	56

24		55

25	75

26	90

27	121

28	101

29	99

30	32

31	76

32	35

33	114

34	104

35	90

36	56

      37	78

38	65

39	19

TOTAL	3318