Las Vegas Precinct

Archie B. Wells	#1	8

    2	7

3	18

4		6

5	2

6	6

7	1

  8	6

9	16

10	13

11	15

12	9

13	7 

14	5

15	2

16	8

17	6

18	14

19	2

20	3

21	6

22	2

23	18

24	4

23	7

26	3

27	3

28	3

29	9

30	7

31	9

32	13

33	 4

34	6

35	12

36	18

37	4

38	6

39	1

TOTAL	288

FOR COMMISSIONER FIRST CLASS
Las Vegas Precinct

Walter B. Bates	#1	32

2	27

3	27

4	 32

3		27

6	22

7	33

8	42

9	       32

10	33

11	22

12	29

13	57

14	33

15	26

16	31

17		22

18	36

19	20

20	26

21	38

22	29

26

24	   32

25		25

26	31

27	27

28	32

29		47

30	18

31	31

32	16

33	23

34	21

35	42

36	33

37	30

38	27

39		     31

TOTAL	1170