FOR COMMISSIONER THIRD CLASS
Las Vegas Precinct

Gladys Dula	#1	12

2	17

3	15

 4	20

5	20

6	25	

7	40

8	20

9	19

 10	43

	11	15

      12	59

13	45

14	38

15	23

16	28

17	31

18	35

19	21

20	23

21	42 

22	24

23	28

    24	15

25	28

26	29

27	39

28	  35

29	36

30	8

31	31

32	8

 33	40

     34	28

35	67

 36	21

37	19

38	28

39	5

TOTAL	1085

Las Vegas Precinct

Alf Hardy	#1	26

2	22

3	19

4	30

5	19

6	22

7		8

8	14

9	20

10	14

11	35

12	12

13	12

14	11

15	20

16	12

17	17

18	16

19	16

20	9

21	35

22	18

	23	21

24	13

25	22

26	37

	27	18

28	20

29	10

30	17

31	15

32	19

33	7

         34	20

35	15

36	15

37	11

38	10

39	4

TOTAL	671